Bit Manipulation

1. 24 + 8

	0000 0000 0001 1000
	0000 0000 0000 1000
	-------------------
	0000 0000 0010 0000

	32

2. 24 - 8

	0000 0000 0001 1000
	0000 0000 0000 1000
	-------------------
	0000 0000 0001 0000

	16

3. 24 OR 8

	0000 0000 0001 1000
	0000 0000 0000 1000
	-------------------
	0000 0000 0001 1000

	16 + 8 = 24

4. 24 AND 8

	0000 0000 0001 1000
	0000 0000 0000 1000
	-------------------
	0000 0000 0000 1000

	8

5. 24 XOR 8

	0000 0000 0001 1000
	0000 0000 0000 1000
	-------------------
	0000 0000 0001 0000

	16

6. 24 >> 2

	0000 0000 0001 1000
	-------------------
	0000 0000 0000 0110

	4 + 2 = 6

7. 24 << 2

	0000 0000 0001 1000
	-------------------
	0000 0000 0110 0000

	64 + 32 = 96

8. NOT 24

	0000 0000 0001 1000
	-------------------
	1111 1111 1110 0111 <- first digit 1 on the left means negative
	-------------------
	0000 0000 0001 1001  <- add 1 and negative sign

	-(16 + 8 + 1) = -25
